sal_function=[0	0;...
10	0.5;...
20	1;...
40	1;...
55	0.66;...
57	0.33;...
57.1	0;...
100	0];

light_function=[0	0;...
3.9	0;...
4	0.1;...
7.8	0.2;...
8.5	0.3;...
10	0.4;...
11	0.5;...
12	0.6;...
12.2	0.7;...
15	0.8;...
17	0.9;...
20	1;...
100	1];

temp_function=[0	0;...
12.9	0;...
13	0.5;...
18	1;...
20.5	1;...
23	1;...
24	0.25;...
24.1	0;...
50	0];


vel_function=[0	0;...
0.05	1;...
1.5	1;...
1.6	0;...
30	0];

wave_function=[0	1;...
0.3	1;...
0.31	0;...
0.5	0;...
2	0];

